Fitting results for    <x> = (2Dt) ^ (1/2) + c 

D = 2.1817221711414052e-06 ± 3.185633353583357e-07 (cm2s-1) 
c = -0.06526789218721685 ± 0.015675660549420344 (cm) 

Fitting results for    dist = max_dist - a * exp(-k * t) 

max_dist = 3.394591961814615 ± 0.18933449822553616 (mm) 
a = 3.5674996633789857 ± 0.18001323225330793 (mm) 
k = 0.003659184936886479 ± 0.0005355667685143774 (min-1)
