Fitting results for    <x> = (2Dt) ^ (1/2) + c

D = 2.1817221711414052e-06 ± 3.185633353583357e-07
c = -0.06526789218721685 ± 0.015675660549420344